# wave A(l)/A(V) unc
1.00088e-01 5.79159e+00 2.89580e-01
1.00554e-01 5.73148e+00 2.86574e-01
1.01022e-01 5.67164e+00 2.83582e-01
1.01492e-01 5.61216e+00 2.80608e-01
1.01964e-01 5.55312e+00 2.77656e-01
1.02439e-01 5.49455e+00 2.74727e-01
1.02916e-01 5.43651e+00 2.71825e-01
1.03395e-01 5.37904e+00 2.68952e-01
1.03876e-01 5.32218e+00 2.66109e-01
1.04359e-01 5.26598e+00 2.63299e-01
1.04845e-01 5.21045e+00 2.60523e-01
1.05333e-01 5.15563e+00 2.57781e-01
1.05823e-01 5.10154e+00 2.55077e-01
1.06316e-01 5.04819e+00 2.52409e-01
1.06810e-01 4.99558e+00 2.49779e-01
1.07308e-01 4.94376e+00 2.47188e-01
1.07807e-01 4.89272e+00 2.44636e-01
1.08309e-01 4.84245e+00 2.42122e-01
1.08813e-01 4.79298e+00 2.39649e-01
1.09319e-01 4.74425e+00 2.37212e-01
1.09828e-01 4.69629e+00 2.34814e-01
1.10339e-01 4.64909e+00 2.32455e-01
1.10853e-01 4.60260e+00 2.30130e-01
1.11369e-01 4.55079e+00 2.27540e-01
1.11887e-01 4.49590e+00 2.24795e-01
1.12408e-01 4.44472e+00 2.22236e-01
1.12931e-01 4.39710e+00 2.19855e-01
1.13456e-01 4.35302e+00 2.17651e-01
1.13984e-01 4.31235e+00 2.15618e-01
1.14515e-01 4.27503e+00 2.13752e-01
1.15048e-01 4.23939e+00 2.11969e-01
1.15583e-01 4.19905e+00 2.09953e-01
1.16121e-01 4.15959e+00 2.07980e-01
1.16662e-01 4.12124e+00 2.06062e-01
1.17205e-01 4.08375e+00 2.04187e-01
1.17750e-01 4.04707e+00 2.02353e-01
1.18298e-01 4.01156e+00 2.00578e-01
1.18849e-01 3.97668e+00 1.98834e-01
1.19402e-01 3.94291e+00 1.97145e-01
1.19958e-01 3.91001e+00 1.95500e-01
1.20516e-01 3.87771e+00 1.93885e-01
1.21077e-01 3.84671e+00 1.92336e-01
1.21640e-01 3.81629e+00 1.90815e-01
1.22207e-01 3.78680e+00 1.89340e-01
1.22775e-01 3.75842e+00 1.87921e-01
1.23347e-01 3.73057e+00 1.86529e-01
1.23921e-01 3.70403e+00 1.85202e-01
1.24498e-01 3.67826e+00 1.83913e-01
1.25077e-01 3.65332e+00 1.82666e-01
1.25659e-01 3.63083e+00 1.81542e-01
1.26244e-01 3.60824e+00 1.80412e-01
1.26832e-01 3.58598e+00 1.79299e-01
1.27422e-01 3.56426e+00 1.78213e-01
1.28015e-01 3.54247e+00 1.77124e-01
1.28611e-01 3.52145e+00 1.76073e-01
1.29209e-01 3.50077e+00 1.75038e-01
1.29811e-01 3.47998e+00 1.73999e-01
1.30415e-01 3.46017e+00 1.73008e-01
1.31022e-01 3.44035e+00 1.72018e-01
1.31632e-01 3.42057e+00 1.71029e-01
1.32244e-01 3.40173e+00 1.70087e-01
1.32860e-01 3.38282e+00 1.69141e-01
1.33478e-01 3.36411e+00 1.68206e-01
1.34099e-01 3.34624e+00 1.67312e-01
1.34723e-01 3.32831e+00 1.66415e-01
1.35350e-01 3.31071e+00 1.65535e-01
1.35980e-01 3.29382e+00 1.64691e-01
1.36613e-01 3.27685e+00 1.63843e-01
1.37249e-01 3.26025e+00 1.63012e-01
1.37888e-01 3.24419e+00 1.62210e-01
1.38530e-01 3.22806e+00 1.61403e-01
1.39174e-01 3.21236e+00 1.60618e-01
1.39822e-01 3.19724e+00 1.59862e-01
1.40473e-01 3.18205e+00 1.59102e-01
1.41127e-01 3.16732e+00 1.58366e-01
1.41783e-01 3.15324e+00 1.57662e-01
1.42443e-01 3.13908e+00 1.56954e-01
1.43106e-01 3.12528e+00 1.56264e-01
1.43772e-01 3.11209e+00 1.55605e-01
1.44441e-01 3.09884e+00 1.54942e-01
1.45114e-01 3.08589e+00 1.54294e-01
1.45789e-01 3.07381e+00 1.53690e-01
1.46468e-01 3.06167e+00 1.53084e-01
1.47149e-01 3.04962e+00 1.52481e-01
1.47834e-01 3.03840e+00 1.51920e-01
1.48522e-01 3.02713e+00 1.51356e-01
1.49213e-01 3.01580e+00 1.50790e-01
1.49908e-01 3.00557e+00 1.50279e-01
1.50606e-01 2.99536e+00 1.49768e-01
1.51306e-01 2.98511e+00 1.49256e-01
1.52011e-01 2.97571e+00 1.48786e-01
1.52718e-01 2.96666e+00 1.48333e-01
1.53429e-01 2.95755e+00 1.47878e-01
1.54143e-01 2.94888e+00 1.47444e-01
1.54860e-01 2.94083e+00 1.47042e-01
1.55581e-01 2.93275e+00 1.46637e-01
1.56305e-01 2.92471e+00 1.46236e-01
1.57033e-01 2.91775e+00 1.45888e-01
1.57764e-01 2.91076e+00 1.45538e-01
1.58498e-01 2.90373e+00 1.45187e-01
1.59236e-01 2.89753e+00 1.44877e-01
1.59977e-01 2.89171e+00 1.44585e-01
1.60721e-01 2.88585e+00 1.44292e-01
1.61469e-01 2.88030e+00 1.44015e-01
1.62221e-01 2.87581e+00 1.43790e-01
1.62976e-01 2.87129e+00 1.43564e-01
1.63734e-01 2.86675e+00 1.43337e-01
1.64496e-01 2.86311e+00 1.43155e-01
1.65262e-01 2.85979e+00 1.42989e-01
1.66031e-01 2.85645e+00 1.42822e-01
1.66804e-01 2.85325e+00 1.42662e-01
1.67580e-01 2.85078e+00 1.42539e-01
1.68360e-01 2.84830e+00 1.42415e-01
1.69144e-01 2.84580e+00 1.42290e-01
1.69931e-01 2.84388e+00 1.42194e-01
1.70722e-01 2.84243e+00 1.42121e-01
1.71516e-01 2.84096e+00 1.42048e-01
1.72315e-01 2.83948e+00 1.41974e-01
1.73116e-01 2.83922e+00 1.41961e-01
1.73922e-01 2.83912e+00 1.41956e-01
1.74732e-01 2.83902e+00 1.41951e-01
1.75545e-01 2.83911e+00 1.41956e-01
1.76362e-01 2.84042e+00 1.42021e-01
1.77183e-01 2.84175e+00 1.42087e-01
1.78007e-01 2.84307e+00 1.42153e-01
1.78836e-01 2.84503e+00 1.42251e-01
1.79668e-01 2.84835e+00 1.42417e-01
1.80504e-01 2.85168e+00 1.42584e-01
1.81344e-01 2.85503e+00 1.42752e-01
1.82188e-01 2.85945e+00 1.42973e-01
1.83036e-01 2.86525e+00 1.43262e-01
1.83888e-01 2.87107e+00 1.43553e-01
1.84744e-01 2.87692e+00 1.43846e-01
1.85604e-01 2.88424e+00 1.44212e-01
1.86468e-01 2.89314e+00 1.44657e-01
1.87336e-01 2.90207e+00 1.45103e-01
1.88208e-01 2.91104e+00 1.45552e-01
1.89083e-01 2.92182e+00 1.46091e-01
1.89963e-01 2.93473e+00 1.46736e-01
1.90848e-01 2.94770e+00 1.47385e-01
1.91736e-01 2.96073e+00 1.48036e-01
1.92628e-01 2.97541e+00 1.48770e-01
1.93525e-01 2.99302e+00 1.49651e-01
1.94425e-01 3.01071e+00 1.50536e-01
1.95330e-01 3.02849e+00 1.51425e-01
1.96239e-01 3.04722e+00 1.52361e-01
1.97153e-01 3.07008e+00 1.53504e-01
1.98070e-01 3.09305e+00 1.54652e-01
1.98992e-01 3.11613e+00 1.55806e-01
1.99918e-01 3.13931e+00 1.56965e-01
2.00849e-01 3.16655e+00 1.58328e-01
2.01784e-01 3.19431e+00 1.59715e-01
2.02723e-01 3.22219e+00 1.61110e-01
2.03666e-01 3.25020e+00 1.62510e-01
2.04614e-01 3.27888e+00 1.63944e-01
2.05566e-01 3.30812e+00 1.65406e-01
2.06523e-01 3.33749e+00 1.66875e-01
2.07484e-01 3.36699e+00 1.68349e-01
2.08450e-01 3.39587e+00 1.69794e-01
2.09420e-01 3.41917e+00 1.70958e-01
2.10395e-01 3.44256e+00 1.72128e-01
2.11374e-01 3.46609e+00 1.73305e-01
2.12358e-01 3.48969e+00 1.74484e-01
2.13346e-01 3.50365e+00 1.75182e-01
2.14339e-01 3.51074e+00 1.75537e-01
2.15337e-01 3.51790e+00 1.75895e-01
2.16339e-01 3.52507e+00 1.76253e-01
2.17346e-01 3.53226e+00 1.76613e-01
2.18357e-01 3.51814e+00 1.75907e-01
2.19374e-01 3.50294e+00 1.75147e-01
2.20395e-01 3.48765e+00 1.74382e-01
2.21420e-01 3.47232e+00 1.73616e-01
2.22451e-01 3.45294e+00 1.72647e-01
2.23486e-01 3.41964e+00 1.70982e-01
2.24526e-01 3.38617e+00 1.69308e-01
2.25571e-01 3.35253e+00 1.67626e-01
2.26621e-01 3.31874e+00 1.65937e-01
2.27676e-01 3.28236e+00 1.64118e-01
2.28735e-01 3.24185e+00 1.62092e-01
2.29800e-01 3.20114e+00 1.60057e-01
2.30870e-01 3.16025e+00 1.58013e-01
2.31944e-01 3.11917e+00 1.55958e-01
2.33024e-01 3.07906e+00 1.53953e-01
2.34108e-01 3.04032e+00 1.52016e-01
2.35198e-01 3.00141e+00 1.50070e-01
2.36292e-01 2.96231e+00 1.48115e-01
2.37392e-01 2.92303e+00 1.46151e-01
2.38497e-01 2.88605e+00 1.44303e-01
2.39607e-01 2.85326e+00 1.42663e-01
2.40722e-01 2.82033e+00 1.41016e-01
2.41842e-01 2.78724e+00 1.39362e-01
2.42968e-01 2.75399e+00 1.37700e-01
2.44099e-01 2.72311e+00 1.36156e-01
2.45235e-01 2.70413e+00 1.35207e-01
2.46376e-01 2.68506e+00 1.34253e-01
2.47523e-01 2.66591e+00 1.33295e-01
2.48675e-01 2.64666e+00 1.32333e-01
2.49832e-01 2.62733e+00 1.31366e-01
2.50995e-01 2.60790e+00 1.30395e-01
2.52163e-01 2.58839e+00 1.29419e-01
2.53337e-01 2.56878e+00 1.28439e-01
2.54516e-01 2.54908e+00 1.27454e-01
2.55701e-01 2.52930e+00 1.26465e-01
2.56891e-01 2.50942e+00 1.25471e-01
2.58086e-01 2.48944e+00 1.24472e-01
2.59287e-01 2.46937e+00 1.23469e-01
2.60494e-01 2.44922e+00 1.22461e-01
2.61706e-01 2.42896e+00 1.21448e-01
2.62925e-01 2.40861e+00 1.20431e-01
2.64148e-01 2.38817e+00 1.19408e-01
2.65378e-01 2.36763e+00 1.18382e-01
2.66613e-01 2.34700e+00 1.17350e-01
2.67854e-01 2.32627e+00 1.16314e-01
2.69100e-01 2.30545e+00 1.15272e-01
2.70353e-01 2.28501e+00 1.14250e-01
2.71611e-01 2.27145e+00 1.13572e-01
2.72875e-01 2.25783e+00 1.12891e-01
2.74145e-01 2.24414e+00 1.12207e-01
2.75421e-01 2.23039e+00 1.11519e-01
2.76703e-01 2.21658e+00 1.10829e-01
2.77991e-01 2.20305e+00 1.10153e-01
2.79284e-01 2.19127e+00 1.09563e-01
2.80584e-01 2.17943e+00 1.08972e-01
2.81890e-01 2.16754e+00 1.08377e-01
2.83202e-01 2.15559e+00 1.07779e-01
2.84520e-01 2.14359e+00 1.07179e-01
2.85844e-01 2.13170e+00 1.06585e-01
2.87175e-01 2.12128e+00 1.06064e-01
2.88511e-01 2.11081e+00 1.05540e-01
2.89854e-01 2.10029e+00 1.05015e-01
2.91203e-01 2.08973e+00 1.04487e-01
2.92558e-01 2.07912e+00 1.03956e-01
2.93920e-01 2.06846e+00 1.03423e-01
2.95288e-01 2.05912e+00 1.02956e-01
2.96662e-01 2.04997e+00 1.02498e-01
2.98043e-01 2.04078e+00 1.02039e-01
2.99430e-01 2.03154e+00 1.01577e-01
3.00824e-01 2.02226e+00 1.01113e-01
3.02224e-01 2.01294e+00 1.00647e-01
3.03630e-01 2.00400e+00 1.00200e-01
3.05044e-01 1.99557e+00 9.97786e-02
3.06463e-01 1.98711e+00 9.93556e-02
3.07890e-01 1.97861e+00 9.89303e-02
3.09323e-01 1.97006e+00 9.85032e-02
3.10762e-01 1.96148e+00 9.80740e-02
3.12209e-01 1.95286e+00 9.76429e-02
3.13662e-01 1.94474e+00 9.72369e-02
3.15121e-01 1.93672e+00 9.68361e-02
3.16588e-01 1.92866e+00 9.64331e-02
3.18061e-01 1.92057e+00 9.60285e-02
3.19542e-01 1.91244e+00 9.56218e-02
3.21029e-01 1.90427e+00 9.52135e-02
3.22523e-01 1.89606e+00 9.48030e-02
3.24024e-01 1.88792e+00 9.43961e-02
3.25532e-01 1.87975e+00 9.39876e-02
3.27047e-01 1.87155e+00 9.35773e-02
3.28569e-01 1.86330e+00 9.31649e-02
3.30099e-01 1.85501e+00 9.27507e-02
3.31635e-01 1.84669e+00 9.23345e-02
3.33178e-01 1.83833e+00 9.19165e-02
3.34729e-01 1.83021e+00 9.15103e-02
3.36287e-01 1.82208e+00 9.11039e-02
3.37852e-01 1.81391e+00 9.06953e-02
3.39425e-01 1.80635e+00 9.03175e-02
3.41004e-01 1.80042e+00 9.00209e-02
3.42591e-01 1.79446e+00 8.97232e-02
3.44186e-01 1.78848e+00 8.94240e-02
3.45788e-01 1.78156e+00 8.90781e-02
3.47397e-01 1.77400e+00 8.87002e-02
3.49014e-01 1.76641e+00 8.83206e-02
3.50638e-01 1.75879e+00 8.79393e-02
3.52270e-01 1.75151e+00 8.75753e-02
3.53910e-01 1.74426e+00 8.72131e-02
3.55557e-01 1.73698e+00 8.68491e-02
3.57212e-01 1.72972e+00 8.64860e-02
3.58874e-01 1.72355e+00 8.61776e-02
3.60545e-01 1.71735e+00 8.58676e-02
3.62223e-01 1.71113e+00 8.55564e-02
3.63908e-01 1.70455e+00 8.52273e-02
3.65602e-01 1.69623e+00 8.48113e-02
3.67304e-01 1.68787e+00 8.43933e-02
3.69013e-01 1.67947e+00 8.39734e-02
3.70731e-01 1.67143e+00 8.35714e-02
3.72456e-01 1.66486e+00 8.32429e-02
3.74189e-01 1.65826e+00 8.29129e-02
3.75931e-01 1.65163e+00 8.25814e-02
3.77681e-01 1.64488e+00 8.22442e-02
3.79438e-01 1.63774e+00 8.18870e-02
3.81204e-01 1.63056e+00 8.15282e-02
3.82979e-01 1.62336e+00 8.11678e-02
3.84761e-01 1.61621e+00 8.08106e-02
3.86552e-01 1.61015e+00 8.05074e-02
3.88351e-01 1.60406e+00 8.02030e-02
3.90158e-01 1.59794e+00 7.98971e-02
3.91974e-01 1.59179e+00 7.95896e-02
3.93798e-01 1.58673e+00 7.93366e-02
3.95631e-01 1.58178e+00 7.90888e-02
3.97473e-01 1.57679e+00 7.88397e-02
3.99322e-01 1.57179e+00 7.85896e-02
4.01181e-01 1.56595e+00 7.82977e-02
4.03048e-01 1.55962e+00 7.79809e-02
4.04924e-01 1.55326e+00 7.76628e-02
4.06809e-01 1.54687e+00 7.73433e-02
4.08702e-01 1.54027e+00 7.70133e-02
4.10604e-01 1.53319e+00 7.66593e-02
4.12515e-01 1.52607e+00 7.63037e-02
4.14435e-01 1.51893e+00 7.59466e-02
4.16364e-01 1.51175e+00 7.55876e-02
4.18302e-01 1.50612e+00 7.53058e-02
4.20249e-01 1.50075e+00 7.50374e-02
4.22204e-01 1.49535e+00 7.47676e-02
4.24169e-01 1.48993e+00 7.44967e-02
4.26144e-01 1.48453e+00 7.42267e-02
4.28127e-01 1.47921e+00 7.39607e-02
4.30119e-01 1.47387e+00 7.36936e-02
4.32121e-01 1.46850e+00 7.34250e-02
4.34132e-01 1.46311e+00 7.31554e-02
4.36153e-01 1.45717e+00 7.28583e-02
4.38183e-01 1.45095e+00 7.25474e-02
4.40222e-01 1.44446e+00 7.22232e-02
4.42271e-01 1.43643e+00 7.18217e-02
4.44330e-01 1.42837e+00 7.14186e-02
4.46398e-01 1.42006e+00 7.10032e-02
4.48475e-01 1.41171e+00 7.05854e-02
4.50562e-01 1.40331e+00 7.01655e-02
4.52659e-01 1.39488e+00 6.97438e-02
4.54766e-01 1.38658e+00 6.93291e-02
4.56883e-01 1.37981e+00 6.89907e-02
4.59009e-01 1.37302e+00 6.86508e-02
4.61145e-01 1.36618e+00 6.83092e-02
4.63292e-01 1.35932e+00 6.79660e-02
4.65448e-01 1.35264e+00 6.76318e-02
4.67614e-01 1.34708e+00 6.73540e-02
4.69790e-01 1.34150e+00 6.70749e-02
4.71977e-01 1.33589e+00 6.67944e-02
4.74174e-01 1.33025e+00 6.65127e-02
4.76381e-01 1.32455e+00 6.62277e-02
4.78598e-01 1.31845e+00 6.59223e-02
4.80825e-01 1.31231e+00 6.56154e-02
4.83063e-01 1.30614e+00 6.53071e-02
4.85311e-01 1.29995e+00 6.49974e-02
4.87570e-01 1.29372e+00 6.46861e-02
4.89839e-01 1.28480e+00 6.42399e-02
4.92119e-01 1.27552e+00 6.37760e-02
4.94409e-01 1.26620e+00 6.33101e-02
4.96710e-01 1.25684e+00 6.28419e-02
4.99022e-01 1.24743e+00 6.23716e-02
5.01345e-01 1.23896e+00 6.19482e-02
5.03678e-01 1.23118e+00 6.15588e-02
5.06022e-01 1.22335e+00 6.11676e-02
5.08377e-01 1.21549e+00 6.07746e-02
5.10743e-01 1.20759e+00 6.03797e-02
5.13120e-01 1.19961e+00 5.99807e-02
5.15509e-01 1.19128e+00 5.95640e-02
5.17908e-01 1.18291e+00 5.91453e-02
5.20318e-01 1.17449e+00 5.87246e-02
5.22740e-01 1.16604e+00 5.83018e-02
5.25173e-01 1.15755e+00 5.78773e-02
5.27617e-01 1.14974e+00 5.74870e-02
5.30073e-01 1.14254e+00 5.71270e-02
5.32540e-01 1.13530e+00 5.67652e-02
5.35018e-01 1.12804e+00 5.64019e-02
5.37508e-01 1.12074e+00 5.60368e-02
5.40010e-01 1.11340e+00 5.56699e-02
5.42523e-01 1.10645e+00 5.53225e-02
5.45048e-01 1.09958e+00 5.49789e-02
5.47585e-01 1.09267e+00 5.46337e-02
5.50134e-01 1.08561e+00 5.42804e-02
5.52694e-01 1.07898e+00 5.39492e-02
5.55266e-01 1.07237e+00 5.36187e-02
5.57851e-01 1.06578e+00 5.32889e-02
5.60447e-01 1.05920e+00 5.29599e-02
5.63055e-01 1.05263e+00 5.26315e-02
5.65676e-01 1.04608e+00 5.23038e-02
5.68309e-01 1.03954e+00 5.19770e-02
5.70954e-01 1.03302e+00 5.16508e-02
5.73611e-01 1.02651e+00 5.13257e-02
5.76281e-01 1.02002e+00 5.10012e-02
5.78963e-01 1.01355e+00 5.06777e-02
5.81657e-01 1.00710e+00 5.03550e-02
5.84364e-01 1.00067e+00 5.00334e-02
5.87084e-01 9.94252e-01 4.97126e-02
5.89816e-01 9.87856e-01 4.93928e-02
5.92562e-01 9.81483e-01 4.90741e-02
5.95319e-01 9.75127e-01 4.87564e-02
5.98090e-01 9.68794e-01 4.84397e-02
6.00874e-01 9.62482e-01 4.81241e-02
6.03670e-01 9.56193e-01 4.78096e-02
6.06480e-01 9.49927e-01 4.74964e-02
6.09303e-01 9.43685e-01 4.71843e-02
6.12138e-01 9.37466e-01 4.68733e-02
6.14987e-01 9.31275e-01 4.65637e-02
6.17850e-01 9.25106e-01 4.62553e-02
6.20725e-01 9.18964e-01 4.59482e-02
6.23614e-01 9.12849e-01 4.56425e-02
6.26516e-01 9.06761e-01 4.53381e-02
6.29432e-01 9.00703e-01 4.50351e-02
6.32362e-01 8.94672e-01 4.47336e-02
6.35305e-01 8.88667e-01 4.44334e-02
6.38262e-01 8.82693e-01 4.41346e-02
6.41232e-01 8.76745e-01 4.38373e-02
6.44217e-01 8.70828e-01 4.35414e-02
6.47215e-01 8.64937e-01 4.32468e-02
6.50227e-01 8.59073e-01 4.29536e-02
6.53254e-01 8.53239e-01 4.26620e-02
6.56294e-01 8.47429e-01 4.23714e-02
6.59348e-01 8.41648e-01 4.20824e-02
6.62417e-01 8.35895e-01 4.17947e-02
6.65500e-01 8.30171e-01 4.15086e-02
6.68597e-01 8.24472e-01 4.12236e-02
6.71709e-01 8.18798e-01 4.09399e-02
6.74835e-01 8.13152e-01 4.06576e-02
6.77976e-01 8.07529e-01 4.03764e-02
6.81132e-01 8.01936e-01 4.00968e-02
6.84302e-01 7.96367e-01 3.98183e-02
6.87487e-01 7.90824e-01 3.95412e-02
6.90686e-01 7.85305e-01 3.92652e-02
6.93901e-01 7.79809e-01 3.89905e-02
6.97130e-01 7.74340e-01 3.87170e-02
7.00375e-01 7.68891e-01 3.84446e-02
7.03635e-01 7.63469e-01 3.81734e-02
7.06909e-01 7.58070e-01 3.79035e-02
7.10199e-01 7.52692e-01 3.76346e-02
7.13505e-01 7.47336e-01 3.73668e-02
7.16826e-01 7.42001e-01 3.71001e-02
7.20162e-01 7.36690e-01 3.68345e-02
7.23514e-01 7.31398e-01 3.65699e-02
7.26881e-01 7.26126e-01 3.63063e-02
7.30264e-01 7.20872e-01 3.60436e-02
7.33663e-01 7.15640e-01 3.57820e-02
7.37077e-01 7.10426e-01 3.55213e-02
7.40508e-01 7.05228e-01 3.52614e-02
7.43954e-01 7.00047e-01 3.50023e-02
7.47417e-01 6.94882e-01 3.47441e-02
7.50895e-01 6.89731e-01 3.44866e-02
7.54390e-01 6.84597e-01 3.42298e-02
7.57901e-01 6.79476e-01 3.39738e-02
7.61428e-01 6.74368e-01 3.37184e-02
7.64972e-01 6.69274e-01 3.34637e-02
7.68533e-01 6.64193e-01 3.32097e-02
7.72109e-01 6.59129e-01 3.29565e-02
7.75703e-01 6.54075e-01 3.27038e-02
7.79313e-01 6.49035e-01 3.24517e-02
7.82940e-01 6.44011e-01 3.22005e-02
7.86584e-01 6.39000e-01 3.19500e-02
7.90245e-01 6.34003e-01 3.17002e-02
7.93923e-01 6.29020e-01 3.14510e-02
7.97618e-01 6.24049e-01 3.12025e-02
8.01330e-01 6.19096e-01 3.09548e-02
8.05060e-01 6.14152e-01 3.07076e-02
8.08807e-01 6.09226e-01 3.04613e-02
8.12571e-01 6.04315e-01 3.02158e-02
8.16353e-01 5.99415e-01 2.99708e-02
8.20152e-01 5.94532e-01 2.97266e-02
8.23969e-01 5.89662e-01 2.94831e-02
8.27804e-01 5.84809e-01 2.92405e-02
8.31657e-01 5.79969e-01 2.89985e-02
8.35528e-01 5.75143e-01 2.87571e-02
8.39416e-01 5.70330e-01 2.85165e-02
8.43323e-01 5.65534e-01 2.82767e-02
8.47248e-01 5.60751e-01 2.80375e-02
8.51191e-01 5.55981e-01 2.77991e-02
8.55153e-01 5.51229e-01 2.75614e-02
8.59133e-01 5.46489e-01 2.73245e-02
8.63131e-01 5.41763e-01 2.70882e-02
8.67148e-01 5.37051e-01 2.68525e-02
8.71184e-01 5.32355e-01 2.66177e-02
8.75239e-01 5.27672e-01 2.63836e-02
8.79312e-01 5.23003e-01 2.61502e-02
8.83405e-01 5.18354e-01 2.59177e-02
8.87516e-01 5.13722e-01 2.56861e-02
8.91647e-01 5.09110e-01 2.54555e-02
8.95797e-01 5.04518e-01 2.52259e-02
8.99966e-01 4.99946e-01 2.49973e-02
9.04155e-01 4.95401e-01 2.47700e-02
9.08363e-01 4.90875e-01 2.45438e-02
9.12590e-01 4.86377e-01 2.43188e-02
9.16838e-01 4.81905e-01 2.40953e-02
9.21105e-01 4.77461e-01 2.38730e-02
9.25392e-01 4.73046e-01 2.36523e-02
9.29699e-01 4.68661e-01 2.34331e-02
9.34026e-01 4.64310e-01 2.32155e-02
9.38373e-01 4.59993e-01 2.29996e-02
9.42740e-01 4.55712e-01 2.27856e-02
9.47128e-01 4.51468e-01 2.25734e-02
9.51536e-01 4.47261e-01 2.23630e-02
9.55964e-01 4.43090e-01 2.21545e-02
9.60414e-01 4.38967e-01 2.19483e-02
9.64884e-01 4.34883e-01 2.17442e-02
9.69374e-01 4.30843e-01 2.15422e-02
9.73886e-01 4.26850e-01 2.13425e-02
9.78419e-01 4.22901e-01 2.11451e-02
9.82972e-01 4.18995e-01 2.09498e-02
9.87547e-01 4.15136e-01 2.07568e-02
9.92143e-01 4.11317e-01 2.05659e-02
9.96761e-01 4.07545e-01 2.03772e-02
1.00140e+00 4.03813e-01 2.01907e-02
1.00606e+00 4.00128e-01 2.00064e-02
1.01074e+00 3.96486e-01 1.98243e-02
1.01545e+00 3.92885e-01 1.96443e-02
1.02017e+00 3.89331e-01 1.94665e-02
1.02492e+00 3.85816e-01 1.92908e-02
1.02969e+00 3.82345e-01 1.91173e-02
1.03448e+00 3.78918e-01 1.89459e-02
1.03930e+00 3.75531e-01 1.87765e-02
1.04414e+00 3.72187e-01 1.86094e-02
1.04900e+00 3.68884e-01 1.84442e-02
1.05388e+00 3.65620e-01 1.82810e-02
1.05878e+00 3.62401e-01 1.81200e-02
1.06371e+00 3.59218e-01 1.79609e-02
1.06866e+00 3.56078e-01 1.78039e-02
1.07363e+00 3.52975e-01 1.76488e-02
1.07863e+00 3.49913e-01 1.74956e-02
1.08365e+00 3.46890e-01 1.73445e-02
1.08869e+00 3.43902e-01 1.71951e-02
1.09376e+00 3.40956e-01 1.70478e-02
1.09885e+00 3.38044e-01 1.69022e-02
1.10397e+00 3.35169e-01 1.67585e-02
1.10910e+00 3.32330e-01 1.66165e-02
1.11427e+00 3.29527e-01 1.64763e-02
1.11945e+00 3.26757e-01 1.63379e-02
1.12466e+00 3.24022e-01 1.62011e-02
1.12990e+00 3.21320e-01 1.60660e-02
1.13516e+00 3.18650e-01 1.59325e-02
1.14044e+00 3.16012e-01 1.58006e-02
1.14575e+00 3.13405e-01 1.56702e-02
1.15108e+00 3.10827e-01 1.55414e-02
1.15644e+00 3.08279e-01 1.54139e-02
1.16182e+00 3.05759e-01 1.52879e-02
1.16723e+00 3.03266e-01 1.51633e-02
1.17266e+00 3.00799e-01 1.50400e-02
1.17812e+00 2.98358e-01 1.49179e-02
1.18360e+00 2.95941e-01 1.47970e-02
1.18911e+00 2.93547e-01 1.46773e-02
1.19464e+00 2.91174e-01 1.45587e-02
1.20020e+00 2.88823e-01 1.44411e-02
1.20579e+00 2.86491e-01 1.43246e-02
1.21140e+00 2.84178e-01 1.42089e-02
1.21704e+00 2.81882e-01 1.40941e-02
1.22270e+00 2.79602e-01 1.39801e-02
1.22839e+00 2.77335e-01 1.38668e-02
1.23411e+00 2.75082e-01 1.37541e-02
1.23985e+00 2.72841e-01 1.36420e-02
1.24562e+00 2.70611e-01 1.35305e-02
1.25142e+00 2.68390e-01 1.34195e-02
1.25725e+00 2.66182e-01 1.33091e-02
1.26310e+00 2.63984e-01 1.31992e-02
1.26898e+00 2.61797e-01 1.30898e-02
1.27488e+00 2.59622e-01 1.29811e-02
1.28082e+00 2.57457e-01 1.28729e-02
1.28678e+00 2.55305e-01 1.27652e-02
1.29277e+00 2.53164e-01 1.26582e-02
1.29878e+00 2.51035e-01 1.25518e-02
1.30483e+00 2.48918e-01 1.24459e-02
1.31090e+00 2.46813e-01 1.23407e-02
1.31700e+00 2.44720e-01 1.22360e-02
1.32313e+00 2.42640e-01 1.21320e-02
1.32929e+00 2.40571e-01 1.20286e-02
1.33548e+00 2.38516e-01 1.19258e-02
1.34169e+00 2.36473e-01 1.18236e-02
1.34794e+00 2.34442e-01 1.17221e-02
1.35421e+00 2.32425e-01 1.16212e-02
1.36051e+00 2.30420e-01 1.15210e-02
1.36684e+00 2.28429e-01 1.14215e-02
1.37321e+00 2.26451e-01 1.13225e-02
1.37960e+00 2.24486e-01 1.12243e-02
1.38602e+00 2.22534e-01 1.11267e-02
1.39247e+00 2.20597e-01 1.10298e-02
1.39895e+00 2.18672e-01 1.09336e-02
1.40546e+00 2.16762e-01 1.08381e-02
1.41200e+00 2.14865e-01 1.07432e-02
1.41857e+00 2.12982e-01 1.06491e-02
1.42517e+00 2.11113e-01 1.05557e-02
1.43181e+00 2.09259e-01 1.04629e-02
1.43847e+00 2.07418e-01 1.03709e-02
1.44517e+00 2.05592e-01 1.02796e-02
1.45189e+00 2.03781e-01 1.01890e-02
1.45865e+00 2.01983e-01 1.00992e-02
1.46544e+00 2.00201e-01 1.00100e-02
1.47226e+00 1.98433e-01 9.92165e-03
1.47911e+00 1.96680e-01 9.83401e-03
1.48599e+00 1.94942e-01 9.74709e-03
1.49291e+00 1.93219e-01 9.66093e-03
1.49986e+00 1.91510e-01 9.57552e-03
1.50684e+00 1.89817e-01 9.49086e-03
1.51385e+00 1.88139e-01 9.40696e-03
1.52090e+00 1.86476e-01 9.32382e-03
1.52798e+00 1.84829e-01 9.24145e-03
1.53509e+00 1.83197e-01 9.15984e-03
1.54223e+00 1.81580e-01 9.07901e-03
1.54941e+00 1.79979e-01 8.99895e-03
1.55662e+00 1.78393e-01 8.91967e-03
1.56387e+00 1.76823e-01 8.84117e-03
1.57115e+00 1.75269e-01 8.76345e-03
1.57846e+00 1.73730e-01 8.68650e-03
1.58580e+00 1.72207e-01 8.61036e-03
1.59318e+00 1.70700e-01 8.53500e-03
1.60060e+00 1.69209e-01 8.46043e-03
1.60805e+00 1.67733e-01 8.38666e-03
1.61553e+00 1.66273e-01 8.31366e-03
1.62305e+00 1.64830e-01 8.24149e-03
1.63061e+00 1.63402e-01 8.17008e-03
1.63820e+00 1.61990e-01 8.09949e-03
1.64582e+00 1.60594e-01 8.02969e-03
1.65348e+00 1.59214e-01 7.96069e-03
1.66117e+00 1.57850e-01 7.89248e-03
1.66891e+00 1.56501e-01 7.82507e-03
1.67667e+00 1.55169e-01 7.75846e-03
1.68448e+00 1.53853e-01 7.69264e-03
1.69232e+00 1.52553e-01 7.62763e-03
1.70019e+00 1.51268e-01 7.56340e-03
1.70811e+00 1.49999e-01 7.49997e-03
1.71606e+00 1.48747e-01 7.43733e-03
1.72404e+00 1.47510e-01 7.37550e-03
1.73207e+00 1.46289e-01 7.31443e-03
1.74013e+00 1.45083e-01 7.25417e-03
1.74823e+00 1.43894e-01 7.19468e-03
1.75636e+00 1.42719e-01 7.13597e-03
1.76454e+00 1.41561e-01 7.07805e-03
1.77275e+00 1.40418e-01 7.02088e-03
1.78100e+00 1.39290e-01 6.96450e-03
1.78929e+00 1.38178e-01 6.90889e-03
1.79762e+00 1.37081e-01 6.85403e-03
1.80598e+00 1.35999e-01 6.79993e-03
1.81439e+00 1.34932e-01 6.74658e-03
1.82283e+00 1.33880e-01 6.69398e-03
1.83132e+00 1.32842e-01 6.64212e-03
1.83984e+00 1.31820e-01 6.59099e-03
1.84840e+00 1.30812e-01 6.54059e-03
1.85701e+00 1.29818e-01 6.49090e-03
1.86565e+00 1.28839e-01 6.44193e-03
1.87433e+00 1.27873e-01 6.39367e-03
1.88306e+00 1.26922e-01 6.34609e-03
1.89182e+00 1.25984e-01 6.29920e-03
1.90062e+00 1.25060e-01 6.25300e-03
1.90947e+00 1.24149e-01 6.20746e-03
1.91836e+00 1.23252e-01 6.16259e-03
1.92729e+00 1.22367e-01 6.11836e-03
1.93626e+00 1.21495e-01 6.07477e-03
1.94527e+00 1.20636e-01 6.03179e-03
1.95432e+00 1.19789e-01 5.98944e-03
1.96342e+00 1.18954e-01 5.94768e-03
1.97255e+00 1.18130e-01 5.90650e-03
1.98174e+00 1.17318e-01 5.86590e-03
1.99096e+00 1.16517e-01 5.82587e-03
2.00022e+00 1.15727e-01 5.78637e-03
2.00953e+00 1.14948e-01 5.74741e-03
2.01889e+00 1.14179e-01 5.70896e-03
2.02828e+00 1.13420e-01 5.67100e-03
2.03772e+00 1.12670e-01 5.63351e-03
2.04721e+00 1.11930e-01 5.59650e-03
2.05673e+00 1.11199e-01 5.55993e-03
2.06631e+00 1.10476e-01 5.52378e-03
2.07592e+00 1.09761e-01 5.48804e-03
2.08559e+00 1.09054e-01 5.45268e-03
2.09529e+00 1.08354e-01 5.41768e-03
2.10504e+00 1.07660e-01 5.38302e-03
2.11484e+00 1.06974e-01 5.34868e-03
2.12468e+00 1.06293e-01 5.31465e-03
2.13457e+00 1.05617e-01 5.28087e-03
2.14451e+00 1.04947e-01 5.24735e-03
2.15449e+00 1.04281e-01 5.21405e-03
2.16452e+00 1.03619e-01 5.18095e-03
2.17459e+00 1.02961e-01 5.14805e-03
2.18471e+00 1.02308e-01 5.11538e-03
2.19488e+00 1.01658e-01 5.08292e-03
2.20509e+00 1.01013e-01 5.05063e-03
2.21536e+00 1.00372e-01 5.01859e-03
2.22567e+00 9.97351e-02 4.98676e-03
2.23603e+00 9.91025e-02 4.95513e-03
2.24643e+00 9.84740e-02 4.92370e-03
2.25689e+00 9.78504e-02 4.89252e-03
2.26739e+00 9.72312e-02 4.86156e-03
2.27794e+00 9.66160e-02 4.83080e-03
2.28855e+00 9.60055e-02 4.80028e-03
2.29920e+00 9.53994e-02 4.76997e-03
2.30990e+00 9.47973e-02 4.73986e-03
2.32065e+00 9.42005e-02 4.71003e-03
2.33145e+00 9.36081e-02 4.68040e-03
2.34230e+00 9.30193e-02 4.65097e-03
2.35320e+00 9.24363e-02 4.62181e-03
2.36415e+00 9.18573e-02 4.59286e-03
2.37516e+00 9.12829e-02 4.56415e-03
2.38621e+00 9.07133e-02 4.53566e-03
2.39732e+00 9.01479e-02 4.50740e-03
2.40848e+00 8.95877e-02 4.47938e-03
2.41968e+00 8.90317e-02 4.45159e-03
2.43095e+00 8.84808e-02 4.42404e-03
2.44226e+00 8.79339e-02 4.39670e-03
2.45363e+00 8.73924e-02 4.36962e-03
2.46505e+00 8.68552e-02 4.34276e-03
2.47652e+00 8.63230e-02 4.31615e-03
2.48805e+00 8.57952e-02 4.28976e-03
2.49963e+00 8.52724e-02 4.26362e-03
2.51126e+00 8.47542e-02 4.23771e-03
2.52295e+00 8.42408e-02 4.21204e-03
2.53469e+00 8.37321e-02 4.18660e-03
2.54649e+00 8.32280e-02 4.16140e-03
2.55834e+00 8.27286e-02 4.13643e-03
2.57024e+00 8.22343e-02 4.11171e-03
2.58221e+00 8.17446e-02 4.08723e-03
2.59422e+00 8.12596e-02 4.06298e-03
2.60630e+00 8.07793e-02 4.03897e-03
2.61843e+00 8.03037e-02 4.01519e-03
2.63062e+00 7.98328e-02 3.99164e-03
2.64286e+00 7.93662e-02 3.96831e-03
2.65516e+00 7.89047e-02 3.94523e-03
2.66752e+00 7.84481e-02 3.92241e-03
2.67993e+00 7.79956e-02 3.89978e-03
2.69240e+00 7.75481e-02 3.87741e-03
2.70493e+00 7.71050e-02 3.85525e-03
2.71752e+00 7.66665e-02 3.83333e-03
2.73017e+00 7.62328e-02 3.81164e-03
2.74288e+00 7.58033e-02 3.79017e-03
2.75564e+00 7.53783e-02 3.76891e-03
2.76847e+00 7.49579e-02 3.74789e-03
2.78135e+00 7.45419e-02 3.72709e-03
2.79430e+00 7.41305e-02 3.70653e-03
2.80730e+00 7.37228e-02 3.68614e-03
2.82037e+00 7.33202e-02 3.66601e-03
2.83350e+00 7.29212e-02 3.64606e-03
2.84668e+00 7.25270e-02 3.62635e-03
2.85993e+00 7.21367e-02 3.60683e-03
2.87324e+00 7.17505e-02 3.58752e-03
2.88662e+00 7.13686e-02 3.56843e-03
2.90005e+00 7.09903e-02 3.54952e-03
2.91355e+00 7.06162e-02 3.53081e-03
2.92711e+00 7.02460e-02 3.51230e-03
2.94073e+00 6.98798e-02 3.49399e-03
2.95442e+00 6.95173e-02 3.47587e-03
2.96817e+00 6.91582e-02 3.45791e-03
2.98198e+00 6.88027e-02 3.44014e-03
2.99586e+00 6.84513e-02 3.42257e-03
3.00980e+00 6.81029e-02 3.40514e-03
3.02381e+00 6.77578e-02 3.38789e-03
3.03789e+00 6.74164e-02 3.37082e-03
3.05202e+00 6.70780e-02 3.35390e-03
3.06623e+00 6.67427e-02 3.33713e-03
3.08050e+00 6.64103e-02 3.32052e-03
3.09484e+00 6.60806e-02 3.30403e-03
3.10924e+00 6.57543e-02 3.28771e-03
3.12371e+00 6.54316e-02 3.27158e-03
3.13825e+00 6.51143e-02 3.25572e-03
3.15286e+00 6.48044e-02 3.24022e-03
3.16753e+00 6.45105e-02 3.22553e-03
3.18227e+00 6.42465e-02 3.21232e-03
3.19708e+00 6.40302e-02 3.20151e-03
3.21196e+00 6.38850e-02 3.19425e-03
3.22691e+00 6.38187e-02 3.19094e-03
3.24193e+00 6.38170e-02 3.19085e-03
3.25702e+00 6.38314e-02 3.19157e-03
3.27218e+00 6.37906e-02 3.18953e-03
3.28741e+00 6.36303e-02 3.18151e-03
3.30271e+00 6.33444e-02 3.16722e-03
3.31808e+00 6.30067e-02 3.15034e-03
3.33352e+00 6.27919e-02 3.13959e-03
3.34904e+00 6.31262e-02 3.15631e-03
3.36462e+00 6.44449e-02 3.22225e-03
3.38028e+00 6.53439e-02 3.26720e-03
3.39601e+00 6.48730e-02 3.24365e-03
3.41182e+00 6.44560e-02 3.22280e-03
3.42770e+00 6.42043e-02 3.21021e-03
3.44365e+00 6.38519e-02 3.19259e-03
3.45968e+00 6.35091e-02 3.17546e-03
3.47578e+00 6.29321e-02 3.14660e-03
3.49196e+00 6.19574e-02 3.09787e-03
3.50821e+00 6.10307e-02 3.05153e-03
3.52454e+00 6.03850e-02 3.01925e-03
3.54094e+00 5.97290e-02 2.98645e-03
3.55742e+00 5.88819e-02 2.94409e-03
3.57398e+00 5.79571e-02 2.89786e-03
3.59061e+00 5.71438e-02 2.85719e-03
3.60732e+00 5.65366e-02 2.82683e-03
3.62411e+00 5.61069e-02 2.80534e-03
3.64098e+00 5.57876e-02 2.78938e-03
3.65793e+00 5.55191e-02 2.77596e-03
3.67495e+00 5.52715e-02 2.76357e-03
3.69205e+00 5.50328e-02 2.75164e-03
3.70924e+00 5.47999e-02 2.73999e-03
3.72650e+00 5.45713e-02 2.72856e-03
3.74384e+00 5.43470e-02 2.71735e-03
3.76127e+00 5.41275e-02 2.70637e-03
3.77877e+00 5.39119e-02 2.69560e-03
3.79636e+00 5.37011e-02 2.68505e-03
3.81403e+00 5.34945e-02 2.67473e-03
3.83178e+00 5.32924e-02 2.66462e-03
3.84961e+00 5.30946e-02 2.65473e-03
3.86753e+00 5.29015e-02 2.64507e-03
3.88553e+00 5.27123e-02 2.63562e-03
3.90362e+00 5.25276e-02 2.62638e-03
3.92178e+00 5.23472e-02 2.61736e-03
3.94004e+00 5.21711e-02 2.60856e-03
3.95837e+00 5.19991e-02 2.59995e-03
3.97680e+00 5.18314e-02 2.59157e-03
3.99531e+00 5.16681e-02 2.58340e-03
4.01390e+00 5.15088e-02 2.57544e-03
4.03258e+00 5.13538e-02 2.56769e-03
4.05135e+00 5.12028e-02 2.56014e-03
4.07021e+00 5.10559e-02 2.55280e-03
4.08915e+00 5.09133e-02 2.54567e-03
4.10818e+00 5.07744e-02 2.53872e-03
4.12730e+00 5.06395e-02 2.53198e-03
4.14651e+00 5.05090e-02 2.52545e-03
4.16581e+00 5.03818e-02 2.51909e-03
4.18520e+00 5.02587e-02 2.51293e-03
4.20467e+00 5.01395e-02 2.50698e-03
4.22424e+00 5.00237e-02 2.50118e-03
4.24390e+00 4.99119e-02 2.49560e-03
4.26366e+00 4.98035e-02 2.49017e-03
4.28350e+00 4.96987e-02 2.48494e-03
4.30344e+00 4.95976e-02 2.47988e-03
4.32346e+00 4.94999e-02 2.47499e-03
4.34359e+00 4.94052e-02 2.47026e-03
4.36380e+00 4.93141e-02 2.46571e-03
4.38411e+00 4.92264e-02 2.46132e-03
4.40452e+00 4.91418e-02 2.45709e-03
4.42502e+00 4.90601e-02 2.45300e-03
4.44561e+00 4.89814e-02 2.44907e-03
4.46630e+00 4.89058e-02 2.44529e-03
4.48709e+00 4.88328e-02 2.44164e-03
4.50797e+00 4.87625e-02 2.43813e-03
4.52895e+00 4.86953e-02 2.43476e-03
4.55003e+00 4.86300e-02 2.43150e-03
4.57121e+00 4.85677e-02 2.42839e-03
4.59248e+00 4.85075e-02 2.42538e-03
4.61386e+00 4.84493e-02 2.42246e-03
4.63533e+00 4.83937e-02 2.41969e-03
4.65690e+00 4.83398e-02 2.41699e-03
4.67858e+00 4.82876e-02 2.41438e-03
4.70035e+00 4.82377e-02 2.41189e-03
4.72223e+00 4.81889e-02 2.40944e-03
4.74421e+00 4.81420e-02 2.40710e-03
4.76629e+00 4.80962e-02 2.40481e-03
4.78847e+00 4.80516e-02 2.40258e-03
4.81076e+00 4.80085e-02 2.40042e-03
4.83315e+00 4.79660e-02 2.39830e-03
4.85564e+00 4.79241e-02 2.39621e-03
4.87824e+00 4.78833e-02 2.39416e-03
4.90094e+00 4.78428e-02 2.39214e-03
4.92375e+00 4.78023e-02 2.39011e-03
4.94667e+00 4.77621e-02 2.38811e-03
4.96969e+00 4.77220e-02 2.38610e-03
4.99282e+00 4.76815e-02 2.38407e-03
5.01606e+00 4.76406e-02 2.38203e-03
5.03940e+00 4.75998e-02 2.37999e-03
5.06286e+00 4.75586e-02 2.37793e-03
5.08642e+00 4.75171e-02 2.37586e-03
5.11009e+00 4.74756e-02 2.37378e-03
5.13388e+00 4.74338e-02 2.37169e-03
5.15777e+00 4.73916e-02 2.36958e-03
5.18178e+00 4.73494e-02 2.36747e-03
5.20589e+00 4.73069e-02 2.36535e-03
5.23012e+00 4.72644e-02 2.36322e-03
5.25446e+00 4.72216e-02 2.36108e-03
5.27892e+00 4.71787e-02 2.35894e-03
5.30349e+00 4.71356e-02 2.35678e-03
5.32817e+00 4.70921e-02 2.35460e-03
5.35297e+00 4.70485e-02 2.35243e-03
5.37788e+00 4.70047e-02 2.35023e-03
5.40291e+00 4.69608e-02 2.34804e-03
5.42806e+00 4.69167e-02 2.34583e-03
5.45332e+00 4.68722e-02 2.34361e-03
5.47870e+00 4.68276e-02 2.34138e-03
5.50420e+00 4.67828e-02 2.33914e-03
5.52982e+00 4.67376e-02 2.33688e-03
5.55556e+00 4.66924e-02 2.33462e-03
5.58141e+00 4.66469e-02 2.33234e-03
5.60739e+00 4.66014e-02 2.33007e-03
5.63349e+00 4.65555e-02 2.32778e-03
5.65971e+00 4.65093e-02 2.32547e-03
5.68605e+00 4.64631e-02 2.32316e-03
5.71251e+00 4.64166e-02 2.32083e-03
5.73910e+00 4.63698e-02 2.31849e-03
5.76581e+00 4.63229e-02 2.31615e-03
5.79264e+00 4.62757e-02 2.31379e-03
5.81960e+00 4.62282e-02 2.31141e-03
5.84669e+00 4.61807e-02 2.30903e-03
5.87390e+00 4.61328e-02 2.30664e-03
5.90124e+00 4.60849e-02 2.30425e-03
5.92870e+00 4.60364e-02 2.30182e-03
5.95630e+00 4.59882e-02 2.29941e-03
5.98402e+00 4.59400e-02 2.29700e-03
6.01187e+00 4.58958e-02 2.29479e-03
6.03985e+00 4.58711e-02 2.29355e-03
6.06796e+00 4.59169e-02 2.29585e-03
6.09620e+00 4.61385e-02 2.30692e-03
6.12457e+00 4.66446e-02 2.33223e-03
6.15308e+00 4.73796e-02 2.36898e-03
6.18171e+00 4.79927e-02 2.39964e-03
6.21049e+00 4.80346e-02 2.40173e-03
6.23939e+00 4.74334e-02 2.37167e-03
6.26843e+00 4.65723e-02 2.32861e-03
6.29760e+00 4.58794e-02 2.29397e-03
6.32691e+00 4.54935e-02 2.27468e-03
6.35636e+00 4.53222e-02 2.26611e-03
6.38594e+00 4.52395e-02 2.26197e-03
6.41566e+00 4.51812e-02 2.25906e-03
6.44552e+00 4.51280e-02 2.25640e-03
6.47552e+00 4.50751e-02 2.25376e-03
6.50566e+00 4.50223e-02 2.25111e-03
6.53594e+00 4.49690e-02 2.24845e-03
6.56636e+00 4.49155e-02 2.24577e-03
6.59692e+00 4.48619e-02 2.24310e-03
6.62762e+00 4.48081e-02 2.24040e-03
6.65847e+00 4.47538e-02 2.23769e-03
6.68946e+00 4.46993e-02 2.23496e-03
6.72059e+00 4.46467e-02 2.23234e-03
6.75187e+00 4.46203e-02 2.23101e-03
6.78329e+00 4.47331e-02 2.23665e-03
6.81486e+00 4.51217e-02 2.25608e-03
6.84658e+00 4.54242e-02 2.27121e-03
6.87845e+00 4.51170e-02 2.25585e-03
6.91046e+00 4.45798e-02 2.22899e-03
6.94262e+00 4.43020e-02 2.21510e-03
6.97494e+00 4.42073e-02 2.21036e-03
7.00740e+00 4.41510e-02 2.20755e-03
7.04001e+00 4.41005e-02 2.20502e-03
7.07278e+00 4.40533e-02 2.20267e-03
7.10569e+00 4.40111e-02 2.20056e-03
7.13877e+00 4.39763e-02 2.19882e-03
7.17199e+00 4.39516e-02 2.19758e-03
7.20537e+00 4.39395e-02 2.19698e-03
7.23890e+00 4.39442e-02 2.19721e-03
7.27260e+00 4.39690e-02 2.19845e-03
7.30644e+00 4.40168e-02 2.20084e-03
7.34045e+00 4.40911e-02 2.20456e-03
7.37461e+00 4.41919e-02 2.20959e-03
7.40893e+00 4.43177e-02 2.21589e-03
7.44342e+00 4.44653e-02 2.22327e-03
7.47806e+00 4.46270e-02 2.23135e-03
7.51286e+00 4.47933e-02 2.23967e-03
7.54783e+00 4.49510e-02 2.24755e-03
7.58296e+00 4.50859e-02 2.25429e-03
7.61825e+00 4.51839e-02 2.25920e-03
7.65371e+00 4.52321e-02 2.26161e-03
7.68933e+00 4.52207e-02 2.26104e-03
7.72512e+00 4.50842e-02 2.25421e-03
7.76107e+00 4.48814e-02 2.24407e-03
7.79719e+00 4.46611e-02 2.23306e-03
7.83348e+00 4.44462e-02 2.22231e-03
7.86994e+00 4.42608e-02 2.21304e-03
7.90657e+00 4.41273e-02 2.20636e-03
7.94337e+00 4.40633e-02 2.20317e-03
7.98034e+00 4.40834e-02 2.20417e-03
8.01748e+00 4.41976e-02 2.20988e-03
8.05479e+00 4.44134e-02 2.22067e-03
8.09228e+00 4.47344e-02 2.23672e-03
8.12994e+00 4.51632e-02 2.25816e-03
8.16778e+00 4.57027e-02 2.28514e-03
8.20579e+00 4.63594e-02 2.31797e-03
8.24399e+00 4.71433e-02 2.35716e-03
8.28235e+00 4.80640e-02 2.40320e-03
8.32090e+00 4.95411e-02 2.47705e-03
8.35963e+00 5.05900e-02 2.52950e-03
8.39854e+00 5.17019e-02 2.58509e-03
8.43762e+00 5.28128e-02 2.64064e-03
8.47689e+00 5.38403e-02 2.69201e-03
8.51635e+00 5.47015e-02 2.73507e-03
8.55598e+00 5.53140e-02 2.76570e-03
8.59580e+00 5.57340e-02 2.78670e-03
8.63581e+00 5.62605e-02 2.81303e-03
8.67600e+00 5.72275e-02 2.86137e-03
8.71638e+00 5.87898e-02 2.93949e-03
8.75695e+00 6.07947e-02 3.03973e-03
8.79771e+00 6.30499e-02 3.15250e-03
8.83865e+00 6.53563e-02 3.26782e-03
8.87979e+00 6.75322e-02 3.37661e-03
8.92112e+00 6.95716e-02 3.47858e-03
8.96264e+00 7.15419e-02 3.57710e-03
9.00435e+00 7.35150e-02 3.67575e-03
9.04626e+00 7.55617e-02 3.77808e-03
9.08836e+00 7.77051e-02 3.88526e-03
9.13066e+00 7.99061e-02 3.99531e-03
9.17315e+00 8.21215e-02 4.10607e-03
9.21585e+00 8.43084e-02 4.21542e-03
9.25874e+00 8.64207e-02 4.32104e-03
9.30183e+00 8.84102e-02 4.42051e-03
9.34512e+00 9.02310e-02 4.51155e-03
9.38862e+00 9.18539e-02 4.59270e-03
9.43231e+00 9.32787e-02 4.66394e-03
9.47621e+00 9.45071e-02 4.72535e-03
9.52032e+00 9.55393e-02 4.77697e-03
9.56463e+00 9.63797e-02 4.81899e-03
9.60914e+00 9.70311e-02 4.85155e-03
9.65386e+00 9.74956e-02 4.87478e-03
9.69879e+00 9.77768e-02 4.88884e-03
9.74393e+00 9.78742e-02 4.89371e-03
9.78928e+00 9.77932e-02 4.88966e-03
9.83484e+00 9.75375e-02 4.87687e-03
9.88062e+00 9.71097e-02 4.85549e-03
9.92660e+00 9.65136e-02 4.82568e-03
9.97280e+00 9.57502e-02 4.78751e-03
1.00192e+01 9.48254e-02 4.74127e-03
1.00658e+01 9.37557e-02 4.68778e-03
1.01127e+01 9.25658e-02 4.62829e-03
1.01598e+01 9.12859e-02 4.56430e-03
1.02070e+01 8.99458e-02 4.49729e-03
1.02546e+01 8.85698e-02 4.42849e-03
1.03023e+01 8.71949e-02 4.35974e-03
1.03502e+01 8.58427e-02 4.29213e-03
1.03984e+01 8.45146e-02 4.22573e-03
1.04468e+01 8.32123e-02 4.16061e-03
1.04954e+01 8.19337e-02 4.09669e-03
1.05443e+01 8.06756e-02 4.03378e-03
1.05933e+01 7.94395e-02 3.97198e-03
1.06426e+01 7.82202e-02 3.91101e-03
1.06922e+01 7.70173e-02 3.85087e-03
1.07419e+01 7.58244e-02 3.79122e-03
1.07919e+01 7.46396e-02 3.73198e-03
1.08422e+01 7.34551e-02 3.67275e-03
1.08926e+01 7.22696e-02 3.61348e-03
1.09433e+01 7.10757e-02 3.55378e-03
1.09942e+01 6.98701e-02 3.49351e-03
1.10454e+01 6.86448e-02 3.43224e-03
1.10968e+01 6.73977e-02 3.36988e-03
1.11485e+01 6.61198e-02 3.30599e-03
1.12004e+01 6.48034e-02 3.24017e-03
1.12525e+01 6.34462e-02 3.17231e-03
1.13049e+01 6.20458e-02 3.10229e-03
1.13575e+01 6.06575e-02 3.03287e-03
1.14103e+01 5.93669e-02 2.96834e-03
1.14634e+01 5.81807e-02 2.90903e-03
1.15168e+01 5.70384e-02 2.85192e-03
1.15704e+01 5.59375e-02 2.79688e-03
1.16242e+01 5.48755e-02 2.74378e-03
1.16783e+01 5.38440e-02 2.69220e-03
1.17327e+01 5.28355e-02 2.64178e-03
1.17873e+01 5.18358e-02 2.59179e-03
1.18422e+01 5.08363e-02 2.54182e-03
1.18973e+01 4.98252e-02 2.49126e-03
1.19526e+01 4.88020e-02 2.44010e-03
1.20083e+01 4.77765e-02 2.38883e-03
1.20642e+01 4.67597e-02 2.33798e-03
1.21203e+01 4.57626e-02 2.28813e-03
1.21767e+01 4.47950e-02 2.23975e-03
1.22334e+01 4.38716e-02 2.19358e-03
1.22903e+01 4.30023e-02 2.15012e-03
1.23475e+01 4.22014e-02 2.11007e-03
1.24050e+01 4.14791e-02 2.07396e-03
1.24627e+01 4.08495e-02 2.04248e-03
1.25207e+01 4.03264e-02 2.01632e-03
1.25790e+01 3.99201e-02 1.99600e-03
1.26376e+01 3.96205e-02 1.98103e-03
1.26964e+01 3.94016e-02 1.97008e-03
1.27555e+01 3.92393e-02 1.96197e-03
1.28148e+01 3.91268e-02 1.95634e-03
1.28745e+01 3.90552e-02 1.95276e-03
1.29344e+01 3.89408e-02 1.94704e-03
1.29946e+01 3.87905e-02 1.93952e-03
1.30551e+01 3.86261e-02 1.93131e-03
1.31158e+01 3.84859e-02 1.92429e-03
1.31769e+01 3.84230e-02 1.92115e-03
1.32382e+01 3.83540e-02 1.91770e-03
1.32998e+01 3.82342e-02 1.91171e-03
1.33617e+01 3.81214e-02 1.90607e-03
1.34239e+01 3.80146e-02 1.90073e-03
1.34864e+01 3.79149e-02 1.89574e-03
1.35491e+01 3.78225e-02 1.89113e-03
1.36122e+01 3.77388e-02 1.88694e-03
1.36756e+01 3.76635e-02 1.88318e-03
1.37392e+01 3.75983e-02 1.87991e-03
1.38031e+01 3.75430e-02 1.87715e-03
1.38674e+01 3.74989e-02 1.87494e-03
1.39319e+01 3.74667e-02 1.87334e-03
1.39968e+01 3.74470e-02 1.87235e-03
1.40619e+01 3.74410e-02 1.87205e-03
1.41274e+01 3.74490e-02 1.87245e-03
1.41931e+01 3.74721e-02 1.87360e-03
1.42592e+01 3.75109e-02 1.87555e-03
1.43255e+01 3.75668e-02 1.87834e-03
1.43922e+01 3.76401e-02 1.88201e-03
1.44592e+01 3.77321e-02 1.88661e-03
1.45265e+01 3.78439e-02 1.89220e-03
1.45941e+01 3.79761e-02 1.89881e-03
1.46620e+01 3.81298e-02 1.90649e-03
1.47303e+01 3.83062e-02 1.91531e-03
1.47988e+01 3.85053e-02 1.92527e-03
1.48677e+01 3.87279e-02 1.93639e-03
1.49369e+01 3.89725e-02 1.94863e-03
1.50064e+01 3.92380e-02 1.96190e-03
1.50762e+01 3.95228e-02 1.97614e-03
1.51464e+01 3.98260e-02 1.99130e-03
1.52169e+01 4.01470e-02 2.00735e-03
1.52877e+01 4.04837e-02 2.02419e-03
1.53589e+01 4.08348e-02 2.04174e-03
1.54304e+01 4.12000e-02 2.06000e-03
1.55022e+01 4.15769e-02 2.07884e-03
1.55743e+01 4.19644e-02 2.09822e-03
1.56468e+01 4.23614e-02 2.11807e-03
1.57196e+01 4.27654e-02 2.13827e-03
1.57928e+01 4.31761e-02 2.15880e-03
1.58663e+01 4.35907e-02 2.17954e-03
1.59401e+01 4.40085e-02 2.20042e-03
1.60143e+01 4.44275e-02 2.22137e-03
1.60889e+01 4.48462e-02 2.24231e-03
1.61637e+01 4.52622e-02 2.26311e-03
1.62390e+01 4.56743e-02 2.28371e-03
1.63146e+01 4.60803e-02 2.30401e-03
1.63905e+01 4.64785e-02 2.32393e-03
1.64668e+01 4.68665e-02 2.34332e-03
1.65434e+01 4.72427e-02 2.36213e-03
1.66204e+01 4.76045e-02 2.38022e-03
1.66978e+01 4.79509e-02 2.39754e-03
1.67755e+01 4.82782e-02 2.41391e-03
1.68535e+01 4.85848e-02 2.42924e-03
1.69320e+01 4.88690e-02 2.44345e-03
1.70108e+01 4.91297e-02 2.45649e-03
1.70900e+01 4.93670e-02 2.46835e-03
1.71695e+01 4.95809e-02 2.47904e-03
1.72494e+01 4.97710e-02 2.48855e-03
1.73297e+01 4.99377e-02 2.49688e-03
1.74103e+01 5.00806e-02 2.50403e-03
1.74914e+01 5.01997e-02 2.50999e-03
1.75728e+01 5.02951e-02 2.51476e-03
1.76546e+01 5.03664e-02 2.51832e-03
1.77367e+01 5.04140e-02 2.52070e-03
1.78193e+01 5.04377e-02 2.52189e-03
1.79022e+01 5.04374e-02 2.52187e-03
1.79855e+01 5.04133e-02 2.52066e-03
1.80692e+01 5.03648e-02 2.51824e-03
1.81533e+01 5.02921e-02 2.51461e-03
1.82378e+01 5.01957e-02 2.50979e-03
1.83227e+01 5.00756e-02 2.50378e-03
1.84080e+01 4.99310e-02 2.49655e-03
1.84937e+01 4.97620e-02 2.48810e-03
1.85797e+01 4.95692e-02 2.47846e-03
1.86662e+01 4.93526e-02 2.46763e-03
1.87531e+01 4.91120e-02 2.45560e-03
1.88404e+01 4.88479e-02 2.44239e-03
1.89281e+01 4.85614e-02 2.42807e-03
1.90161e+01 4.82548e-02 2.41274e-03
1.91047e+01 4.79291e-02 2.39646e-03
1.91936e+01 4.75864e-02 2.37932e-03
1.92829e+01 4.72283e-02 2.36141e-03
1.93726e+01 4.68564e-02 2.34282e-03
1.94628e+01 4.64729e-02 2.32364e-03
1.95534e+01 4.60796e-02 2.30398e-03
1.96444e+01 4.56776e-02 2.28388e-03
1.97358e+01 4.52703e-02 2.26351e-03
1.98277e+01 4.48589e-02 2.24295e-03
1.99200e+01 4.44459e-02 2.22230e-03
2.00127e+01 4.40403e-02 2.20201e-03
2.01058e+01 4.36825e-02 2.18412e-03
2.01994e+01 4.33260e-02 2.16630e-03
2.02934e+01 4.29736e-02 2.14868e-03
2.03878e+01 4.26265e-02 2.13132e-03
2.04827e+01 4.22878e-02 2.11439e-03
2.05781e+01 4.19584e-02 2.09792e-03
2.06738e+01 4.16378e-02 2.08189e-03
2.07701e+01 4.13245e-02 2.06622e-03
2.08667e+01 4.10172e-02 2.05086e-03
2.09638e+01 4.07143e-02 2.03572e-03
2.10614e+01 4.04141e-02 2.02071e-03
2.11594e+01 4.01159e-02 2.00579e-03
2.12579e+01 3.98180e-02 1.99090e-03
2.13568e+01 3.95191e-02 1.97596e-03
2.14562e+01 3.92186e-02 1.96093e-03
2.15561e+01 3.89150e-02 1.94575e-03
2.16564e+01 3.86074e-02 1.93037e-03
2.17572e+01 3.82951e-02 1.91476e-03
2.18585e+01 3.79768e-02 1.89884e-03
2.19602e+01 3.76528e-02 1.88264e-03
2.20624e+01 3.73221e-02 1.86611e-03
2.21651e+01 3.69838e-02 1.84919e-03
2.22683e+01 3.66383e-02 1.83192e-03
2.23719e+01 3.62849e-02 1.81425e-03
2.24760e+01 3.59254e-02 1.79627e-03
2.25806e+01 3.55603e-02 1.77801e-03
2.26857e+01 3.51914e-02 1.75957e-03
2.27913e+01 3.48199e-02 1.74100e-03
2.28974e+01 3.44467e-02 1.72234e-03
2.30040e+01 3.40729e-02 1.70364e-03
2.31110e+01 3.36997e-02 1.68498e-03
2.32186e+01 3.33277e-02 1.66638e-03
2.33266e+01 3.29582e-02 1.64791e-03
2.34352e+01 3.25915e-02 1.62957e-03
2.35443e+01 3.22282e-02 1.61141e-03
2.36539e+01 3.18689e-02 1.59345e-03
2.37640e+01 3.15144e-02 1.57572e-03
2.38746e+01 3.11647e-02 1.55823e-03
2.39857e+01 3.08200e-02 1.54100e-03
2.40973e+01 3.04804e-02 1.52402e-03
2.42095e+01 3.01459e-02 1.50729e-03
2.43221e+01 2.98160e-02 1.49080e-03
2.44353e+01 2.94907e-02 1.47454e-03
2.45491e+01 2.91691e-02 1.45846e-03
2.46633e+01 2.88510e-02 1.44255e-03
2.47781e+01 2.85360e-02 1.42680e-03
2.48934e+01 2.82237e-02 1.41119e-03
2.50093e+01 2.79149e-02 1.39574e-03
2.51257e+01 2.76170e-02 1.38085e-03
2.52426e+01 2.73224e-02 1.36612e-03
2.53601e+01 2.70311e-02 1.35155e-03
2.54781e+01 2.67430e-02 1.33715e-03
2.55967e+01 2.64580e-02 1.32290e-03
2.57158e+01 2.61763e-02 1.30882e-03
2.58355e+01 2.58977e-02 1.29488e-03
2.59558e+01 2.56222e-02 1.28111e-03
2.60766e+01 2.53497e-02 1.26748e-03
2.61979e+01 2.50802e-02 1.25401e-03
2.63199e+01 2.48136e-02 1.24068e-03
2.64424e+01 2.45500e-02 1.22750e-03
2.65654e+01 2.42893e-02 1.21446e-03
2.66891e+01 2.40315e-02 1.20157e-03
2.68133e+01 2.37764e-02 1.18882e-03
2.69381e+01 2.35242e-02 1.17621e-03
2.70634e+01 2.32749e-02 1.16374e-03
2.71894e+01 2.30283e-02 1.15142e-03
2.73159e+01 2.27843e-02 1.13922e-03
2.74431e+01 2.25431e-02 1.12715e-03
2.75708e+01 2.23044e-02 1.11522e-03
2.76991e+01 2.20685e-02 1.10342e-03
2.78280e+01 2.18350e-02 1.09175e-03
2.79576e+01 2.16042e-02 1.08021e-03
2.80877e+01 2.13759e-02 1.06880e-03
2.82184e+01 2.11500e-02 1.05750e-03
2.83497e+01 2.09268e-02 1.04634e-03
2.84817e+01 2.07059e-02 1.03529e-03
2.86142e+01 2.04874e-02 1.02437e-03
2.87474e+01 2.02713e-02 1.01356e-03
2.88812e+01 2.00576e-02 1.00288e-03
2.90156e+01 1.98462e-02 9.92311e-04
2.91507e+01 1.96372e-02 9.81861e-04
2.92863e+01 1.94305e-02 9.71524e-04
2.94226e+01 1.92259e-02 9.61294e-04
2.95596e+01 1.90236e-02 9.51181e-04
2.96971e+01 1.88236e-02 9.41178e-04
2.98354e+01 1.86257e-02 9.31285e-04
2.99742e+01 1.84300e-02 9.21498e-04